361 408 98 268
1 n77825 47.8274 -88.6383 2068000 8273709 0 1000 1
2 n77826 47.8274 -88.6483 2068000 8273709 -1000 1000 0
3 n77829 48.1167 -88.7 2068000 8273709 -1000 1000 0
4 n77828 48.1167 -88.69 2068000 8273709 -1000 1000 0
5 n77831 48.0277 -90.5986 2068000 8273709 -1000 1000 0
6 n77832 48.0277 -90.6086 2068000 8273709 -1000 1000 0
7 n77835 37.8789 -104.528 2068000 8273709 -1000 1000 0
8 n77834 37.8789 -104.518 2068000 8273709 -1000 1000 0
9 n77837 40.6698 -107.4879 2068000 8273709 -1000 1000 0
10 n77838 40.6698 -107.4979 2068000 8273709 -1000 1000 0
11 n77841 44.7579 -103.183 2068000 8273709 -1000 1000 0
12 n100000150143 33.7679 -112.3523 2068000 8273709 -1000 1000 0
13 n77840 44.7579 -103.173 2068000 8273709 -1000 1000 0
14 n100000150140 35.6527 -111.6378 2068000 8273709 -1000 1000 0
15 n77843 49.4474 -92.6621 2068000 8273709 -1000 1000 0
16 n77844 49.4474 -92.6721 2068000 8273709 -1000 1000 0
17 n77847 35.2677 -116.9939 2068000 8273709 -1000 1000 0
18 n100000150136 37.6884 -114.8869 2068000 8273709 -1000 1000 0
19 n77846 35.2677 -116.9839 2068000 8273709 -1000 1000 0
20 n77849 50.0367 -89.4668 2068000 8273709 -1000 1000 0
21 n100000150135 36.7862 -111.5937 2068000 8273709 -1000 1000 0
22 n77850 50.0367 -89.4768 2068000 8273709 -1000 1000 0
23 n77853 43.3629 -103.9513 2068000 8273709 -1000 1000 0
24 n77852 43.3629 -103.9413 2068000 8273709 -1000 1000 0
25 n77855 48.473 -93.5734 2068000 8273709 -1000 1000 0
26 n100000000065 35.7716 -115.7173 2068000 8273709 -1000 1000 0
27 n77856 48.473 -93.5834 2068000 8273709 -1000 1000 0
28 n100000000067 34.3579 -111.7529 2068000 8273709 -1000 1000 0
29 n77859 40.6546 -109.3446 2068000 8273709 -1000 1000 0
30 n77858 40.6546 -109.3346 2068000 8273709 -1000 1000 0
31 n100000000066 35.5934 -115.0261 2068000 8273709 -1000 1000 0
32 n77861 41.6818 -107.6659 2068000 8273709 -1000 1000 0
33 n77862 41.6818 -107.6759 2068000 8273709 -1000 1000 0
34 n77865 42.6215 -107.2383 2068000 8273709 -1000 1000 0
35 n77864 42.6215 -107.2283 2068000 8273709 -1000 1000 0
36 n77867 43.0233 -105.7051 2068000 8273709 -1000 1000 0
37 n77868 43.0233 -105.7151 2068000 8273709 -1000 1000 0
38 n77871 39.4955 -114.5427 2068000 8273709 -1000 1000 0
39 n77870 39.4955 -114.5327 2068000 8273709 -1000 1000 0
40 n77873 39.8811 -112.7402 2068000 8273709 -1000 1000 0
41 n77874 39.8811 -112.7502 2068000 8273709 -1000 1000 0
42 n77877 40.4328 -111.0106 2068000 8273709 -1000 1000 0
43 n77876 40.4328 -111.0006 2068000 8273709 -1000 1000 0
44 n77879 47.3089 -89.7561 2068000 8273709 -1000 1000 0
45 n77880 47.3089 -89.7661 2068000 8273709 -1000 1000 0
46 n77883 38.891 -116.7043 2068000 8273709 -1000 1000 0
47 n77882 38.891 -116.6943 2068000 8273709 -1000 1000 0
48 n77885 38.8054 -115.5813 2068000 8273709 -1000 1000 0
49 n77886 38.8054 -115.5913 2068000 8273709 -1000 1000 0
50 n77889 38.4482 -118.5074 2068000 8273709 -1000 1000 0
51 n77888 38.4482 -118.4974 2068000 8273709 -1000 1000 0
52 n77891 37.4857 -121.6679 2068000 8273709 -1000 1000 0
53 n77892 37.4857 -121.6779 2068000 8273709 -1000 1000 0
54 n77895 44.9406 -105.4543 2068000 8273709 -1000 1000 0
55 n77894 44.9406 -105.4443 2068000 8273709 -1000 1000 0
56 n77897 37.1926 -116.6009 2068000 8273709 -1000 1000 0
57 n100000139303 37.6157 -120.5727 2068000 8273709 -1000 1000 0
58 n77898 37.1926 -116.6109 2068000 8273709 -1000 1000 0
59 n77901 34.7506 -117.5159 2068000 8273709 -1000 1000 0
60 n77900 34.7506 -117.5059 2068000 8273709 -1000 1000 0
61 n100000139299 38.2406 -116.7613 2068000 8273709 -1000 1000 0
62 n77903 38.1854 -117.02 2068000 8273709 -1000 1000 0
63 n100000139297 38.4591 -113.7252 2068000 8273709 -1000 1000 0
64 n77904 38.1854 -117.03 2068000 8273709 -1000 1000 0
65 n77907 37.9426 -119.0929 2068000 8273709 -1000 1000 0
66 n77906 37.9426 -119.0829 2068000 8273709 -1000 1000 0
67 n100000150074 38.1889 -116.6244 2068000 8273709 -1000 1000 0
68 n77909 46.241 -98.4458 2068000 8273709 -1000 1000 0
69 n100000150072 40.581 -109.6382 2068000 8273709 -1000 1000 0
70 n77910 46.241 -98.4558 2068000 8273709 -1000 1000 0
71 n100000150073 39.9963 -111.1665 2068000 8273709 -1000 1000 0
72 n77913 45.7992 -100.646 2068000 8273709 -1000 1000 0
73 n77912 45.7992 -100.636 2068000 8273709 -1000 1000 0
74 n77915 35.3644 -116.2577 2068000 8273709 -1000 1000 0
75 n77916 35.3644 -116.2677 2068000 8273709 -1000 1000 0
76 n77919 44.9706 -102.3476 2068000 8273709 -1000 1000 0
77 n77918 44.9706 -102.3376 2068000 8273709 -1000 1000 0
78 n77921 47.7853 -93.0173 2068000 8273709 -1000 1000 0
79 n77922 47.7853 -93.0273 2068000 8273709 -1000 1000 0
80 n77925 47.2735 -94.4355 2068000 8273709 -1000 1000 0
81 n77924 47.2735 -94.4255 2068000 8273709 -1000 1000 0
82 n77927 35.7585 -111.5336 2068000 8273709 -1000 1000 0
83 n77928 35.7585 -111.5436 2068000 8273709 -1000 1000 0
84 n77931 46.7924 -96.5952 2068000 8273709 -1000 1000 0
85 n100000139269 34.9831 -119.7476 2068000 8273709 -1000 1000 0
86 n77930 46.7924 -96.5852 2068000 8273709 -1000 1000 0
87 n100000139266 36.6374 -114.8741 2068000 8273709 -1000 1000 0
88 n100000150018 48.6476 -101.099 2068000 8273709 -1000 1000 0
89 n77933 35.6863 -115.4444 2068000 8273709 -1000 1000 0
90 n100000150019 48.5547 -100.9139 2068000 8273709 -1000 1000 0
91 n100000139264 37.1407 -115.6386 2068000 8273709 -1000 1000 0
92 n77934 35.6863 -115.4544 2068000 8273709 -1000 1000 0
93 n77937 33.8535 -112.7427 2068000 8273709 -1000 1000 0
94 n77936 33.8535 -112.7327 2068000 8273709 -1000 1000 0
95 n77939 39.7281 -112.2391 2068000 8273709 -1000 1000 0
96 n77940 39.7281 -112.2491 2068000 8273709 -1000 1000 0
97 n77943 38.0268 -120.3959 2068000 8273709 -1000 1000 0
98 n77942 38.0268 -120.3859 2068000 8273709 -1000 1000 0
99 n77945 38.142 -117.1009 2068000 8273709 -1000 1000 0
100 n100000139285 47.622 -93.7881 2068000 8273709 -1000 1000 0
101 n77946 38.142 -117.1109 2068000 8273709 -1000 1000 0
102 n77949 38.4922 -115.2789 2068000 8273709 -1000 1000 0
103 n77948 38.4922 -115.2689 2068000 8273709 -1000 1000 0
104 n77951 39.1489 -113.5508 2068000 8273709 -1000 1000 0
105 n77952 39.1489 -113.5608 2068000 8273709 -1000 1000 0
106 n77955 38.4433 -110.7798 2068000 8273709 -1000 1000 0
107 n77954 38.4433 -110.7698 2068000 8273709 -1000 1000 0
108 n100000139501 40.2614 -109.4314 2068000 8273709 -1000 1000 0
109 n77957 39.6176 -110.5529 2068000 8273709 -1000 1000 0
110 n77958 39.6176 -110.5629 2068000 8273709 -1000 1000 0
111 n77961 40.3424 -109.1268 2068000 8273709 -1000 1000 0
112 n77960 40.3424 -109.1168 2068000 8273709 -1000 1000 0
113 n77963 40.9412 -107.8055 2068000 8273709 -1000 1000 0
114 n77964 40.9412 -107.8155 2068000 8273709 -1000 1000 0
115 n77967 35.8389 -116.3344 2068000 8273709 -1000 1000 0
116 n77966 35.8389 -116.3244 2068000 8273709 -1000 1000 0
117 n77969 36.1623 -114.871 2068000 8273709 -1000 1000 0
118 n77970 36.1623 -114.881 2068000 8273709 -1000 1000 0
119 n100000016628 35.6271 -113.0574 2068000 8273709 -1000 1000 0
120 n77973 36.8098 -113.4672 2068000 8273709 -1000 1000 0
121 n77972 36.8098 -113.4572 2068000 8273709 -1000 1000 0
122 n77975 37.2965 -112.3354 2068000 8273709 -1000 1000 0
123 n77976 37.2965 -112.3454 2068000 8273709 -1000 1000 0
124 n77979 35.6096 -117.7025 2068000 8273709 -1000 1000 0
125 n77978 35.6096 -117.6925 2068000 8273709 -1000 1000 0
126 n77981 50.1254 -91.7588 2068000 8273709 -1000 1000 0
127 n77982 50.1254 -91.7688 2068000 8273709 -1000 1000 0
128 n77985 37.4576 -109.5857 2068000 8273709 -1000 1000 0
129 n77984 37.4576 -109.5757 2068000 8273709 -1000 1000 0
130 n77987 35.293 -119.2542 2068000 8273709 -1000 1000 0
131 n77988 35.293 -119.2642 2068000 8273709 -1000 1000 0
132 n77991 34.8278 -120.1334 2068000 8273709 -1000 1000 0
133 n77990 34.8278 -120.1234 2068000 8273709 -1000 1000 0
134 n77993 37.3729 -110.9637 2068000 8273709 -1000 1000 0
135 n77994 37.3729 -110.9737 2068000 8273709 -1000 1000 0
136 n77997 37.5754 -108.0295 2068000 8273709 -1000 1000 0
137 n100000010957 49.5429 -91.416 2068000 8273709 -1000 1000 0
138 n77996 37.5754 -108.0195 2068000 8273709 -1000 1000 0
139 n77999 48.4446 -90.9985 2068000 8273709 -1000 1000 0
140 n78000 48.4446 -91.0085 2068000 8273709 -1000 1000 0
141 n78003 50.0822 -91.3405 2068000 8273709 -1000 1000 0
142 n78002 50.0822 -91.3305 2068000 8273709 -1000 1000 0
143 n78005 50.7095 -92.5145 2068000 8273709 -1000 1000 0
144 n78006 50.7095 -92.5245 2068000 8273709 -1000 1000 0
145 n78009 46.6936 -95.128 2068000 8273709 -1000 1000 0
146 n78008 46.6936 -95.118 2068000 8273709 -1000 1000 0
147 n78011 47.7833 -87.0233 2068000 8273709 -1000 1000 0
148 n78012 47.7833 -87.0333 2068000 8273709 -1000 1000 0
149 n78015 47.474 -93.9531 2068000 8273709 -1000 1000 0
150 n78014 47.474 -93.9431 2068000 8273709 -1000 1000 0
151 n78017 47.9293 -92.9308 2068000 8273709 -1000 1000 0
152 n78018 47.9293 -92.9408 2068000 8273709 -1000 1000 0
153 n78021 46.0295 -101.2319 2068000 8273709 -1000 1000 0
154 n78020 46.0295 -101.2219 2068000 8273709 -1000 1000 0
155 n78023 45.2608 -100.5307 2068000 8273709 -1000 1000 0
156 n100000141478 36.8428 -115.1278 2068000 8273709 -1000 1000 0
157 n78024 45.2608 -100.5407 2068000 8273709 -1000 1000 0
158 n78027 45.8132 -99.7012 2068000 8273709 -1000 1000 0
159 n100000141477 37.2224 -116.8812 2068000 8273709 -1000 1000 0
160 n78026 45.8132 -99.6912 2068000 8273709 -1000 1000 0
161 n78029 46.0341 -97.9551 2068000 8273709 -1000 1000 0
162 n100000010924 47.7664 -93.1458 2068000 8273709 -1000 1000 0
163 n78030 46.0341 -97.9651 2068000 8273709 -1000 1000 0
164 n78033 46.3529 -96.22 2068000 8273709 -1000 1000 0
165 n78032 46.3529 -96.21 2068000 8273709 -1000 1000 0
166 n78035 43.1995 -104.6228 2068000 8273709 -1000 1000 0
167 n78036 43.1995 -104.6328 2068000 8273709 -1000 1000 0
168 n78039 43.9261 -102.6661 2068000 8273709 -1000 1000 0
169 n78038 43.9261 -102.6561 2068000 8273709 -1000 1000 0
170 n100000141497 36.7827 -115.6416 2068000 8273709 -1000 1000 0
171 n78041 44.561 -101.5543 2068000 8273709 -1000 1000 0
172 n100000001209 36.5717 -113.835 2068000 8273709 -1000 1000 0
173 n78042 44.561 -101.5643 2068000 8273709 -1000 1000 0
174 n78045 35.2423 -108.6235 2068000 8273709 -1000 1000 0
175 n78044 35.2423 -108.6135 2068000 8273709 -1000 1000 0
176 n78047 47.4833 -91.9567 2068000 8273709 -1000 1000 0
177 n78048 47.4833 -91.9667 2068000 8273709 -1000 1000 0
178 n78051 38.5169 -115.2481 2068000 8273709 -1000 1000 0
179 n78050 38.5169 -115.2381 2068000 8273709 -1000 1000 0
180 n78053 38.6337 -113.2634 2068000 8273709 -1000 1000 0
181 n100000150155 35.6566 -113.2071 2068000 8273709 -1000 1000 0
182 n78054 38.6337 -113.2734 2068000 8273709 -1000 1000 0
183 n100000150153 35.5192 -112.1314 2068000 8273709 -1000 1000 0
184 n78057 38.8084 -111.7485 2068000 8273709 -1000 1000 0
185 n78056 38.8084 -111.7385 2068000 8273709 -1000 1000 0
186 n78059 37.2907 -121.5378 2068000 8273709 -1000 1000 0
187 n100000149636 45.1806 -103.0683 2068000 8273709 -1000 1000 0
188 n100000149637 43.5378 -104.2173 2068000 8273709 -1000 1000 0
189 n100000150147 37.5391 -115.264 2068000 8273709 -1000 1000 0
190 n78060 37.2907 -121.5478 2068000 8273709 -1000 1000 0
191 n78063 37.7079 -120.3489 2068000 8273709 -1000 1000 0
192 n78062 37.7079 -120.3389 2068000 8273709 -1000 1000 0
193 n78065 37.9952 -118.8868 2068000 8273709 -1000 1000 0
194 n100000150175 35.4856 -117.9938 2068000 8273709 -1000 1000 0
195 n78066 37.9952 -118.8968 2068000 8273709 -1000 1000 0
196 n78069 35.9562 -106.3915 2068000 8273709 -1000 1000 0
197 n78068 35.9562 -106.3815 2068000 8273709 -1000 1000 0
198 n100000150169 35.913 -113.5202 2068000 8273709 -1000 1000 0
199 n100000150167 36.6226 -114.6031 2068000 8273709 -1000 1000 0
200 n100000139630 39.9757 -111.1789 2068000 8273709 -1000 1000 0
201 n100000141676 37.7197 -115.1204 2068000 8273709 -1000 1000 0
202 n100000141677 37.818 -115.2109 2068000 8273709 -1000 1000 0
203 n100000141674 38.1601 -115.0153 2068000 8273709 -1000 1000 0
204 n100000141666 38.5453 -114.4908 2068000 8273709 -1000 1000 0
205 n100000141664 36.2056 -117.9597 2068000 8273709 -1000 1000 0
206 n100000141694 36.9649 -115.736 2068000 8273709 -1000 1000 0
207 n100000139642 38.0131 -121.3791 2068000 8273709 -1000 1000 0
208 n100000141686 37.1085 -116.2333 2068000 8273709 -1000 1000 0
209 n100000139639 38.1247 -120.3385 2068000 8273709 -1000 1000 0
210 n100000139634 40.6055 -117.811 2068000 8273709 -1000 1000 0
211 n100000141683 37.2232 -116.8927 2068000 8273709 -1000 1000 0
212 n100000141680 37.6485 -115.147 2068000 8273709 -1000 1000 0
213 n100000139633 39.9043 -112.6799 2068000 8273709 -1000 1000 0
214 n100000016767 35.2184 -111.6028 2068000 8273709 -1000 1000 0
215 n100000139598 38.718 -106.6039 2068000 8273709 -1000 1000 0
216 n100000139599 38.7473 -105.9331 2068000 8273709 -1000 1000 0
217 n100000139597 38.8013 -106.697 2068000 8273709 -1000 1000 0
218 n100000139594 38.8285 -106.9026 2068000 8273709 -1000 1000 0
219 n100000139592 38.5026 -108.3498 2068000 8273709 -1000 1000 0
220 n100000139593 38.4379 -108.8491 2068000 8273709 -1000 1000 0
221 n100000139590 38.8134 -107.5126 2068000 8273709 -1000 1000 0
222 n100000139591 38.6855 -108.0268 2068000 8273709 -1000 1000 0
223 n100000139588 38.8672 -107.3515 2068000 8273709 -1000 1000 0
224 n100000139589 38.9046 -107.4717 2068000 8273709 -1000 1000 0
225 n100000139586 38.9382 -106.9247 2068000 8273709 -1000 1000 0
226 n100000161603 49.1027 -91.0525 2068000 8273709 -1000 1000 0
227 n100000139587 38.9989 -107.07 2068000 8273709 -1000 1000 0
228 n100000139584 39.4284 -107.3184 2068000 8273709 -1000 1000 0
229 n100000139585 39.3044 -107.2681 2068000 8273709 -1000 1000 0
230 n100000141121 36.8544 -115.2839 2068000 8273709 -1000 1000 0
231 n100000141663 36.3236 -119.1315 2068000 8273709 -1000 1000 0
232 n100000139612 41.6124 -110.7307 2068000 8273709 -1000 1000 0
233 n100000141660 37.864 -118.6122 2068000 8273709 -1000 1000 0
234 n100000141661 37.8786 -118.233 2068000 8273709 -1000 1000 0
235 n100000139610 40.1963 -109.6372 2068000 8273709 -1000 1000 0
236 n100000139611 41.4485 -110.6524 2068000 8273709 -1000 1000 0
237 n100000141659 37.7312 -119.146 2068000 8273709 -1000 1000 0
238 n100000141656 37.9034 -119.0971 2068000 8273709 -1000 1000 0
239 n100000139608 38.3817 -105.5548 2068000 8273709 -1000 1000 0
240 n100000139609 37.1725 -106.0401 2068000 8273709 -1000 1000 0
241 n100000141657 38.0048 -119.1342 2068000 8273709 -1000 1000 0
242 n100000139606 38.4866 -107.201 2068000 8273709 -1000 1000 0
243 n100000141655 38.612 -119.6067 2068000 8273709 -1000 1000 0
244 n100000139607 38.3392 -106.5839 2068000 8273709 -1000 1000 0
245 n100000139604 38.5808 -106.587 2068000 8273709 -1000 1000 0
246 n100000139602 38.8191 -105.4638 2068000 8273709 -1000 1000 0
247 n100000139600 38.9946 -106.0037 2068000 8273709 -1000 1000 0
248 n100000139601 38.9287 -105.4758 2068000 8273709 -1000 1000 0
249 n100000161582 49.5429 -91.416 2068000 8273709 -1000 1000 0
250 n100000161581 49.6001 -92.3042 2068000 8273709 -1000 1000 0
251 n100000161579 50.0093 -91.5213 2068000 8273709 -1000 1000 0
252 n100000141099 36.6739 -113.6934 2068000 8273709 -1000 1000 0
253 n100000161574 50.0124 -92.0588 2068000 8273709 -1000 1000 0
254 n100000161575 49.9312 -91.786 2068000 8273709 -1000 1000 0
255 n100000161573 50.0685 -91.8592 2068000 8273709 -1000 1000 0
256 n100000016683 40.3046 -111.5531 2068000 8273709 -1000 1000 0
257 n100000139582 39.8626 -105.8281 2068000 8273709 -1000 1000 0
258 n100000139580 40.069 -106.7148 2068000 8273709 -1000 1000 0
259 n100000139578 39.9284 -107.3909 2068000 8273709 -1000 1000 0
260 n100000139579 40.032 -106.8825 2068000 8273709 -1000 1000 0
261 n100000139576 40.3248 -107.5288 2068000 8273709 -1000 1000 0
262 n100000139575 40.4228 -107.5173 2068000 8273709 -1000 1000 0
263 n100000139573 40.3388 -107.4119 2068000 8273709 -1000 1000 0
264 n100000000785 36.835 -115.0644 2068000 8273709 -1000 1000 0
265 n100000141292 36.7039 -114.9599 2068000 8273709 -1000 1000 0
266 n100000139242 47.0232 -96.2085 2068000 8273709 -1000 1000 0
267 n100000139241 47.7952 -92.306 2068000 8273709 -1000 1000 0
268 n100000141282 38.7889 -114.337 2068000 8273709 -1000 1000 0
269 n100000139263 37.2916 -115.5188 2068000 8273709 -1000 1000 0
270 n100000139261 38.6794 -109.7393 2068000 8273709 -1000 1000 0
271 n100000139259 39.4832 -110.6679 2068000 8273709 -1000 1000 0
272 n100000139257 40.1782 -109.471 2068000 8273709 -1000 1000 0
273 n100000139252 41.618 -107.1639 2068000 8273709 -1000 1000 0
274 n100000139253 41.0018 -107.3303 2068000 8273709 -1000 1000 0
275 n100000139251 41.6124 -106.9439 2068000 8273709 -1000 1000 0
276 n100000139726 34.029 -112.325 2068000 8273709 -1000 1000 0
277 n100000139724 35.384 -111.6607 2068000 8273709 -1000 1000 0
278 n100000139722 35.4432 -111.6212 2068000 8273709 -1000 1000 0
279 n100000139723 35.4111 -111.6581 2068000 8273709 -1000 1000 0
280 n100000141768 35.3855 -114.0456 2068000 8273709 -1000 1000 0
281 n100000011207 47.2735 -94.4355 2068000 8273709 -1000 1000 0
282 n100000141769 35.5481 -113.8608 2068000 8273709 -1000 1000 0
283 n100000139721 35.541 -111.6233 2068000 8273709 -1000 1000 0
284 n100000139718 36.7926 -111.6774 2068000 8273709 -1000 1000 0
285 n100000141255 38.5321 -113.7713 2068000 8273709 -1000 1000 0
286 n100000139719 36.8464 -111.6203 2068000 8273709 -1000 1000 0
287 n100000141765 35.5399 -114.6909 2068000 8273709 -1000 1000 0
288 n100000139717 35.3781 -108.5619 2068000 8273709 -1000 1000 0
289 n100000141762 35.6281 -115.2677 2068000 8273709 -1000 1000 0
290 n100000139714 35.5711 -110.8762 2068000 8273709 -1000 1000 0
291 n100000141760 35.6429 -115.3274 2068000 8273709 -1000 1000 0
292 n100000139712 35.6054 -111.556 2068000 8273709 -1000 1000 0
293 n100000141788 36.9239 -107.1593 2068000 8273709 -1000 1000 0
294 n100000141789 37.0511 -106.2811 2068000 8273709 -1000 1000 0
295 n100000141786 37.0701 -108.4323 2068000 8273709 -1000 1000 0
296 n100000141787 36.9167 -107.4436 2068000 8273709 -1000 1000 0
297 n100000141784 36.8875 -109.0823 2068000 8273709 -1000 1000 0
298 n100000141785 36.9817 -108.7268 2068000 8273709 -1000 1000 0
299 n100000141783 36.7561 -109.2939 2068000 8273709 -1000 1000 0
300 n100000139220 36.6785 -106.3141 2068000 8273709 -1000 1000 0
301 n100000141781 35.4793 -111.3566 2068000 8273709 -1000 1000 0
302 n100000141779 35.4458 -111.6061 2068000 8273709 -1000 1000 0
303 n100000141742 35.2559 -116.9237 2068000 8273709 -1000 1000 0
304 n100000141743 35.4248 -116.6482 2068000 8273709 -1000 1000 0
305 n100000139691 35.5109 -117.5728 2068000 8273709 -1000 1000 0
306 n100000140201 34.6957 -108.846 2068000 8273709 -1000 1000 0
307 n100000139689 35.5778 -118.1759 2068000 8273709 -1000 1000 0
308 n100000141734 35.4761 -117.1091 2068000 8273709 -1000 1000 0
309 n100000141730 35.5129 -117.681 2068000 8273709 -1000 1000 0
310 n100000139680 33.9278 -112.2605 2068000 8273709 -1000 1000 0
311 n100000141729 35.5109 -117.5728 2068000 8273709 -1000 1000 0
312 n100000139681 33.9572 -112.3249 2068000 8273709 -1000 1000 0
313 n77777 45.9158 -99.0644 2068000 8273709 -1000 1000 0
314 n100000141758 35.3473 -116.1342 2068000 8273709 -1000 1000 0
315 n100000141245 36.8092 -115.0502 2068000 8273709 -1000 1000 0
316 n100000011187 49.789 -92.1721 2068000 8273709 -1000 1000 0
317 n100000139709 35.6829 -115.4195 2068000 8273709 -1000 1000 0
318 n77778 45.9158 -99.0744 2068000 8273709 -1000 1000 0
319 n77781 39.5326 -107.3807 2068000 8273709 -1000 1000 0
320 n100000139706 35.6353 -115.5064 2068000 8273709 -1000 1000 0
321 n77780 39.5326 -107.3707 2068000 8273709 -1000 1000 0
322 n77783 35.1274 -106.6686 2068000 8273709 -1000 1000 0
323 n100000139704 35.2444 -116.6493 2068000 8273709 -1000 1000 0
324 n100000139703 35.1857 -116.8742 2068000 8273709 -1000 1000 0
325 n77784 35.1274 -106.6786 2068000 8273709 -1000 1000 0
326 n77787 37.3966 -106.0908 2068000 8273709 -1000 1000 0
327 n100000139700 35.25 -117.1442 2068000 8273709 -1000 1000 0
328 n100000141749 34.8753 -116.3014 2068000 8273709 -1000 1000 0
329 n77786 37.3966 -106.0808 2068000 8273709 -1000 1000 0
330 n100000139701 35.1593 -116.9633 2068000 8273709 -1000 1000 0
331 n77789 48.7417 -87.9567 2068000 8273709 -1000 1000 0
332 n77790 48.7417 -87.9667 2068000 8273709 -1000 1000 0
333 n100000141710 36.1325 -113.6441 2068000 8273709 -1000 1000 0
334 n77793 43.3095 -104.1702 2068000 8273709 -1000 1000 0
335 n100000141711 35.992 -113.5936 2068000 8273709 -1000 1000 0
336 n77792 43.3095 -104.1602 2068000 8273709 -1000 1000 0
337 n77795 44.3856 -103.6597 2068000 8273709 -1000 1000 0
338 n100000141707 36.5748 -114.0148 2068000 8273709 -1000 1000 0
339 n77796 44.3856 -103.6697 2068000 8273709 -1000 1000 0
340 n77799 42.5711 -107.077 2068000 8273709 -1000 1000 0
341 n77798 42.5711 -107.067 2068000 8273709 -1000 1000 0
342 n77801 42.9566 -105.4983 2068000 8273709 -1000 1000 0
343 n77802 42.9566 -105.5083 2068000 8273709 -1000 1000 0
344 n77805 41.7314 -107.245 2068000 8273709 -1000 1000 0
345 n77804 41.7314 -107.235 2068000 8273709 -1000 1000 0
346 n77807 38.0031 -122.4049 2068000 8273709 -1000 1000 0
347 n77808 38.0031 -122.4149 2068000 8273709 -1000 1000 0
348 n77811 38.0897 -120.8022 2068000 8273709 -1000 1000 0
349 n100000141724 36.9371 -111.6248 2068000 8273709 -1000 1000 0
350 n77810 38.0897 -120.7922 2068000 8273709 -1000 1000 0
351 n77813 49.785 -90.4742 2068000 8273709 -1000 1000 0
352 n77814 49.785 -90.4842 2068000 8273709 -1000 1000 0
353 n77817 39.9676 -110.9407 2068000 8273709 -1000 1000 0
354 n100000141718 35.6157 -112.7034 2068000 8273709 -1000 1000 0
355 n77816 39.9676 -110.9307 2068000 8273709 -1000 1000 0
356 n100000011162 48.3661 -90.701 2068000 8273709 -1000 1000 0
357 n77819 38.5364 -106.5807 2068000 8273709 -1000 1000 0
358 n77820 38.5364 -106.5907 2068000 8273709 -1000 1000 0
359 n77823 36.3675 -111.3211 2068000 8273709 -1000 1000 0
360 n77822 36.3675 -111.3111 2068000 8273709 -1000 1000 0
361 n100000141713 35.7512 -113.4956 2068000 8273709 -1000 1000 0
1 p2 249 137 1.42 16 0.01 0
2 p3 319 357 1.22 132 0.01 0
3 p4 41 39 1.0058 117 0.01 0
4 p5 317 31 0.53 40 0.01 0
5 p6 93 276 0.62426 48 0.01 0
6 p7 6 78 1.42 129 0.01 0
7 p8 328 324 0.72 56 0.01 0
8 p10 334 342 1.0041 94 0.01 0
9 p11 61 67 1.22 15 0.01 0
10 p12 17 308 0.72 28 0.01 0
11 p13 168 36 1.0058 214 0.01 0
12 p16 173 169 0.82018 107 0.01 0
13 p18 230 206 0.31086 44 0.01 0
14 p19 83 290 0.72 56 0.01 0
15 p20 285 63 0.5 11 0.01 0
16 p21 282 361 0.53 64 0.01 0
17 p22 83 284 0.72 132 0.01 0
18 p23 83 288 1.02 226 0.01 0
19 p24 211 237 0.53 188 0.01 0
20 p25 168 24 0.83293 105 0.01 0
21 p26 92 317 0.53 2 0.01 0
22 p27 214 277 1.02 22 0.01 0
23 p28 270 220 0.53 66 0.01 0
24 p29 206 208 0.31086 47 0.01 0
25 p30 27 78 0.86957 90 0.01 0
26 p32 26 89 0.53 25 0.01 0
27 p34 271 107 0.83357 119 0.01 0
28 p35 97 209 1.42 11 0.01 0
29 p37 303 323 0.72 21 0.01 0
30 p38 170 91 1.02 50 0.01 0
31 p39 96 213 0.72 33 0.01 0
32 p40 305 309 0.72 5 0.01 0
33 p41 159 211 0.31086 3 0.01 0
34 p42 58 159 0.31086 22 0.01 0
35 p44 318 160 0.82097 40 0.01 0
36 p45 276 28 0.62426 97 0.01 0
37 p46 202 18 0.53 34 0.01 0
38 p47 111 108 0.64665 22 0.01 0
39 p48 301 302 0.72 19 0.01 0
40 p49 168 336 1.42 120 0.01 0
41 p50 11 55 0.74356 132 0.01 0
42 p52 168 188 0.82023 105 0.01 0
43 p53 97 57 1.0041 62 0.01 0
44 p54 90 88 1.42 21 0.01 0
45 p55 38 48 1.0058 107 0.01 0
46 p56 244 329 0.72125 138 0.01 0
47 p58 294 293 0.53 60 0.01 0
48 p60 50 98 1.0058 156 0.01 0
49 p62 33 30 0.82123 219 0.01 0
50 p63 140 151 0.87104 61 0.01 0
51 p64 10 262 0.72125 29 0.01 0
52 p67 320 291 0.53 18 0.01 0
53 p68 163 160 0.83268 108 0.01 0
54 p69 233 238 0.325 38 0.01 0
55 p70 106 134 0.8207 141 0.01 0
56 p72 217 215 0.72125 12 0.01 0
57 p73 316 15 0.82141 48 0.01 0
58 p74 217 218 1.02 27 0.01 0
59 p76 280 282 0.53 25 0.01 0
60 p77 211 234 0.325 154 0.01 0
61 p78 319 228 0.72125 12 0.01 0
62 p79 305 307 0.72 55 0.01 0
63 p81 280 287 0.53 48 0.01 0
64 p82 205 231 0.53 81 0.01 0
65 p83 49 47 1.0058 71 0.01 0
66 p84 315 156 0.277 9 0.01 0
67 p85 220 219 0.53 35 0.01 0
68 p86 215 245 0.72125 16 0.01 0
69 p87 6 356 0.83261 5 0.01 0
70 p88 241 192 0.82202 106 0.01 0
71 p89 42 256 1.0058 36 0.01 0
72 p90 356 5 1.42 42 0.01 0
73 p91 156 230 0.53 14 0.01 0
74 p92 294 329 0.72125 43 0.01 0
75 p93 269 230 0.53 66 0.01 0
76 p95 226 5 1.42 134 0.01 0
77 p96 6 44 1.0041 99 0.01 0
78 p97 6 139 1.0041 147 0.01 0
79 p98 69 43 1.0058 83 0.01 0
80 p99 296 295 0.53 92 0.01 0
81 p100 131 85 1.4224 49 0.01 0
82 p101 283 14 0.62426 22 0.01 0
83 p102 199 87 0.23391 21 0.01 0
84 p103 235 69 0.72 44 0.01 0
85 p104 259 260 1.02 33 0.01 0
86 p105 17 303 0.72 5 0.01 0
87 p107 298 297 0.53 37 0.01 0
88 p110 304 308 0.72 35 0.01 0
89 p112 110 271 0.82122 27 0.01 0
90 p113 195 241 0.82202 19 0.01 0
91 p114 254 316 1.42 23 0.01 0
92 p115 237 350 0.53 145 0.01 0
93 p116 93 282 1.02 247 0.01 0
94 p117 111 272 0.82098 34 0.01 0
95 p118 200 95 0.64665 95 0.01 0
96 p119 76 13 0.8182 66 0.01 0
97 p120 291 289 0.53 5 0.01 0
98 p121 274 9 0.72811 43 0.01 0
99 p122 72 77 0.82078 151 0.01 0
100 p123 223 221 1.02 12 0.01 0
101 p125 198 335 0.377 12 0.01 0
102 p127 274 113 0.82073 33 0.01 0
103 p128 93 312 1.22 43 0.01 0
104 p129 118 116 0.86981 131 0.01 0
105 p131 181 361 0.53 23 0.01 0
106 p133 323 314 0.72 39 0.01 0
107 p134 334 166 0.83293 31 0.01 0
108 p135 115 125 0.86981 134 0.01 0
109 p136 249 316 1.42 69 0.01 0
110 p137 256 213 1.0058 82 0.01 0
111 p138 284 21 0.325 6 0.01 0
112 p139 119 354 0.53 26 0.01 0
113 p140 300 294 0.72125 44 0.01 0
114 p141 189 337 0.53 22 0.01 0
115 p142 227 225 0.72125 12 0.01 0
116 p143 223 224 1.02 9 0.01 0
117 p144 241 243 0.53 82 0.01 0
118 p145 227 223 1.02 23 0.01 0
119 p146 135 360 1.42 124 0.01 0
120 p147 75 304 0.72 29 0.01 0
121 p148 191 57 0.82124 21 0.01 0
122 p149 18 212 0.53 17 0.01 0
123 p150 149 146 0.82122 116 0.01 0
124 p151 359 94 1.42 393 0.01 0
125 p152 144 316 1.42 104 0.01 0
126 p153 162 81 0.73007 89 0.01 0
127 p154 228 229 0.72125 15 0.01 0
128 p155 258 257 1.02 60 0.01 0
129 p156 290 301 0.72 33 0.01 0
130 p158 324 303 0.72 9 0.01 0
131 p160 226 356 1.42 89 0.01 0
132 p161 17 205 0.53 151 0.01 0
133 p162 252 172 0.377 15 0.01 0
134 p163 16 25 0.82122 141 0.01 0
135 p164 288 175 0.53 30 0.01 0
136 p166 289 31 0.53 19 0.01 0
137 p167 124 130 0.86981 140 0.01 0
138 p168 202 203 0.53 51 0.01 0
139 p170 354 183 0.53 41 0.01 0
140 p171 302 292 0.72 21 0.01 0
141 p172 22 316 1.42 116 0.01 0
142 p173 203 204 0.53 69 0.01 0
143 p174 195 192 0.87104 134 0.01 0
144 p176 235 355 0.64665 83 0.01 0
145 p177 335 333 0.377 19 0.01 0
146 p178 213 40 1.0058 6 0.01 0
147 p180 174 306 0.53 69 0.01 0
148 p181 356 267 0.83261 91 0.01 0
149 p183 302 278 0.72 1 0.01 0
150 p184 178 61 0.82124 127 0.01 0
151 p186 215 216 1.02 43 0.01 0
152 p187 164 161 0.82122 114 0.01 0
153 p188 221 222 1.02 38 0.01 0
154 p189 29 108 0.82125 69 0.01 0
155 p190 273 275 1.02 12 0.01 0
156 p191 273 274 1.02 72 0.01 0
157 p192 101 66 0.86267 161 0.01 0
158 p195 127 255 1.42 8 0.01 0
159 p196 216 246 1.02 32 0.01 0
160 p197 100 150 0.82123 27 0.01 0
161 p198 216 247 1.02 30 0.01 0
162 p199 358 240 1.22 171 0.01 0
163 p200 136 129 1.42 106 0.01 0
164 p201 236 232 0.72 19 0.01 0
165 p202 358 244 0.72125 24 0.01 0
166 p204 212 201 0.53 8 0.01 0
167 p207 353 200 0.64665 29 0.01 0
168 p208 314 320 0.72 56 0.01 0
169 p209 189 269 0.53 33 0.01 0
170 p210 293 296 0.53 19 0.01 0
171 p211 11 188 0.72811 184 0.01 0
172 p212 200 71 0.53 3 0.01 0
173 p213 230 156 0.53 12 0.01 0
174 p214 297 299 0.53 22 0.01 0
175 p216 326 240 0.72125 36 0.01 0
176 p218 11 187 1.02 73 0.01 0
177 p219 212 189 0.53 15 0.01 0
178 p220 69 236 0.72 117 0.01 0
179 p221 246 248 1.02 14 0.01 0
180 p222 264 156 0.53 10 0.01 0
181 p223 245 242 1.02 39 0.01 0
182 p224 284 286 0.72 9 0.01 0
183 p225 255 253 1.42 10 0.01 0
184 p226 76 337 0.86981 109 0.01 0
185 p227 344 9 0.86267 131 0.01 0
186 p228 244 239 1.02 71 0.01 0
187 p230 251 254 1.42 14 0.01 0
188 p231 172 199 0.23391 70 0.01 0
189 p233 120 252 0.86981 24 0.01 0
190 p234 339 336 1.42 144 0.01 0
191 p235 277 279 0.62426 4 0.01 0
192 p237 105 103 0.86267 153 0.01 0
193 p238 37 341 0.81467 106 0.01 0
194 p239 177 267 1.42 41 0.01 0
195 p241 344 274 0.81987 122 0.01 0
196 p242 344 273 1.02 14 0.01 0
197 p243 238 66 0.325 5 0.01 0
198 p244 204 268 0.53 32 0.01 0
199 p246 28 277 0.62426 175 0.01 0
200 p247 96 104 0.86267 106 0.01 0
201 p248 84 68 0.79427 131 0.01 0
202 p249 259 321 0.72125 52 0.01 0
203 p250 163 313 0.82123 69 0.01 0
204 p252 7 329 1.0041 118 0.01 0
205 p253 333 172 0.377 65 0.01 0
206 p256 128 134 1.42 97 0.01 0
207 p257 326 138 1.42 127 0.01 0
208 p258 182 285 0.82124 44 0.01 0
209 p259 97 350 0.86267 37 0.01 0
210 p260 330 324 0.72 7 0.01 0
211 p261 114 112 0.82073 158 0.01 0
212 p262 102 61 0.86267 117 0.01 0
213 p263 324 323 0.72 18 0.01 0
214 p265 2 5 1.42 53 0.01 0
215 p266 279 278 0.62426 7 0.01 0
216 p267 278 283 0.62426 14 0.01 0
217 p268 3 5 0.86957 147 0.01 0
218 p269 141 251 1.42 11 0.01 0
219 p271 267 78 0.83261 37 0.01 0
220 p272 108 235 0.64665 15 0.01 0
221 p273 10 112 0.64665 103 0.01 0
222 p274 340 345 0.81479 159 0.01 0
223 p276 287 31 0.53 25 0.01 0
224 p277 156 264 0.53 5 0.01 0
225 p278 87 265 0.23391 12 0.01 0
226 p279 311 194 0.72 25 0.01 0
227 p280 158 155 0.82096 92 0.01 0
228 p283 148 5 1.42 218 0.01 0
229 p284 167 342 0.83293 62 0.01 0
230 p285 153 73 1.22 52 0.01 0
231 p286 286 349 0.72 11 0.01 0
232 p287 213 210 0.72 318 0.01 0
233 p288 310 12 1.22 29 0.01 0
234 p289 123 121 0.86981 106 0.01 0
235 p292 79 81 1.0049 98 0.01 0
236 p293 79 86 1.42 224 0.01 0
237 p295 10 321 1.22 143 0.01 0
238 p296 80 266 0.79912 127 0.01 0
239 p297 57 186 0.82122 75 0.01 0
240 p298 37 35 0.82123 103 0.01 0
241 p300 343 341 0.82097 102 0.01 0
242 p302 207 346 0.86267 65 0.01 0
243 p303 208 56 0.31086 31 0.01 0
244 p308 252 117 0.86981 126 0.01 0
245 p309 61 99 0.86267 32 0.01 0
246 p310 285 179 0.82124 117 0.01 0
247 p311 137 226 1.42 41 0.01 0
248 p313 282 170 1.02 248 0.01 0
249 p316 196 300 0.72125 108 0.01 0
250 p317 79 162 0.79499 14 0.01 0
251 p322 361 198 0.377 21 0.01 0
252 p323 245 357 0.72125 5 0.01 0
253 p324 135 122 0.86981 99 0.01 0
254 p325 184 180 0.82124 166 0.01 0
255 p326 312 310 1.22 6 0.01 0
256 p327 261 259 0.72125 52 0.01 0
257 p328 262 263 1.02 14 0.01 0
258 p329 188 36 0.81992 115 0.01 0
259 p330 262 261 0.72125 12 0.01 0
260 p331 225 217 0.72125 22 0.01 0
261 p333 17 327 0.72 11 0.01 0
262 p334 17 330 0.72 15 0.01 0
263 p335 157 171 0.82018 110 0.01 0
264 p336 253 316 1.42 25 0.01 0
265 p338 27 100 0.82141 104 0.01 0
266 p339 260 258 1.02 11 0.01 0
267 p340 131 133 1.0041 108 0.01 0
268 p343 265 315 0.23391 15 0.01 0
269 p345 309 311 0.72 9 0.01 0
270 p347 29 69 1.0058 20 0.01 0
271 p349 271 185 0.82124 119 0.01 0
272 p352 250 316 1.42 23 0.01 0
273 p353 203 103 0.53 53 0.01 0
274 p356 97 52 1.0058 110 0.01 0
275 p357 61 62 0.82124 27 0.01 0
276 p359 229 227 0.72125 40 0.01 0
277 p360 106 270 0.53 73 0.01 0
278 p361 352 249 0.82 48 0.01 0
279 p362 34 32 0.82123 192 0.01 0
280 p364 272 109 0.82018 132 0.01 0
281 p366 339 188 1.0049 124 0.01 0
282 p368 315 264 0.23391 4 0.01 0
283 p369 348 207 0.86267 38 0.01 0
284 p371 80 281 1.22 28 0.01 0
285 p372 332 4 0.86957 147 0.01 0
286 p373 320 89 0.72 7 0.01 0
287 p374 46 51 1.0058 152 0.01 0
288 p375 91 269 0.53 29 0.01 0
289 p377 172 338 0.325 14 0.01 0
290 p378 308 305 0.72 30 0.01 0
291 p379 70 77 0.79478 290 0.01 0
292 p381 65 98 0.86267 109 0.01 0
293 p382 317 291 0.53 9 0.01 0
294 p383 14 82 0.62426 19 0.01 0
295 p384 70 73 0.82156 138 0.01 0
296 p385 286 134 0.72 86 0.01 0
297 p387 183 279 0.53 35 0.01 0
298 p388 119 181 0.53 12 0.01 0
299 p389 172 284 0.325 160 0.01 0
300 p391 84 90 1.42 294 0.01 0
301 p392 234 233 0.325 31 0.01 0
302 p393 266 86 0.79912 41 0.01 0
303 p394 64 193 0.82124 154 0.01 0
304 p395 27 150 0.83364 124 0.01 0
305 p398 145 165 0.82122 92 0.01 0
306 p399 288 322 0.62426 162 0.01 0
307 p402 295 298 0.53 36 0.01 0
308 p403 23 336 0.83293 15 0.01 0
309 p407 59 327 1.02 94 0.01 0
310 p408 108 272 0.82125 12 0.01 0
311 c1 89 92 1 0.25 0.001 1
312 c2 77 76 1 0.25 0.001 1
313 c3 341 340 1 0.25 0.001 1
314 c4 68 70 1 0.25 0.001 1
315 c5 107 106 1 0.25 0.001 1
316 c6 357 358 1 0.25 0.001 1
317 c7 313 318 1 0.25 0.001 1
318 c8 48 49 1 0.25 0.001 1
319 c9 95 96 1 0.25 0.001 1
320 c10 197 196 1 0.25 0.001 1
321 c11 78 79 1 0.25 0.001 1
322 c12 329 326 1 0.25 0.001 1
323 c13 1 2 1 0.25 0.001 1
324 c14 147 148 1 0.25 0.001 1
325 c15 73 72 1 0.25 0.001 1
326 c16 350 348 1 0.25 0.001 1
327 c17 166 167 1 0.25 0.001 1
328 c18 60 59 1 0.25 0.001 1
329 c19 15 16 1 0.25 0.001 1
330 c20 8 7 1 0.25 0.001 1
331 c21 160 158 1 0.25 0.001 1
332 c22 154 153 1 0.25 0.001 1
333 c23 346 347 1 0.25 0.001 1
334 c24 112 111 1 0.25 0.001 1
335 c25 134 135 1 0.25 0.001 1
336 c26 81 80 1 0.25 0.001 1
337 c27 36 37 1 0.25 0.001 1
338 c28 39 38 1 0.25 0.001 1
339 c29 180 182 1 0.25 0.001 1
340 c30 109 110 1 0.25 0.001 1
341 c31 186 190 1 0.25 0.001 1
342 c32 30 29 1 0.25 0.001 1
343 c33 175 174 1 0.25 0.001 1
344 c34 146 145 1 0.25 0.001 1
345 c35 24 23 1 0.25 0.001 1
346 c36 98 97 1 0.25 0.001 1
347 c37 122 123 1 0.25 0.001 1
348 c38 20 22 1 0.25 0.001 1
349 c39 13 11 1 0.25 0.001 1
350 c40 116 115 1 0.25 0.001 1
351 c41 9 10 1 0.25 0.001 1
352 c42 192 191 1 0.25 0.001 1
353 c43 322 325 1 0.25 0.001 1
354 c44 151 152 1 0.25 0.001 1
355 c45 104 105 1 0.25 0.001 1
356 c46 103 102 1 0.25 0.001 1
357 c47 32 33 1 0.25 0.001 1
358 c48 86 84 1 0.25 0.001 1
359 c49 345 344 1 0.25 0.001 1
360 c50 82 83 1 0.25 0.001 1
361 c51 337 339 1 0.25 0.001 1
362 c52 74 75 1 0.25 0.001 1
363 c53 129 128 1 0.25 0.001 1
364 c54 161 163 1 0.25 0.001 1
365 c55 117 118 1 0.25 0.001 1
366 c56 169 168 1 0.25 0.001 1
367 c57 125 124 1 0.25 0.001 1
368 c58 165 164 1 0.25 0.001 1
369 c59 121 120 1 0.25 0.001 1
370 c60 113 114 1 0.25 0.001 1
371 c61 150 149 1 0.25 0.001 1
372 c62 99 101 1 0.25 0.001 1
373 c63 143 144 1 0.25 0.001 1
374 c64 355 353 1 0.25 0.001 1
375 c65 55 54 1 0.25 0.001 1
376 c66 52 53 1 0.25 0.001 1
377 c67 94 93 1 0.25 0.001 1
378 c68 51 50 1 0.25 0.001 1
379 c69 40 41 1 0.25 0.001 1
380 c70 193 195 1 0.25 0.001 1
381 c71 138 136 1 0.25 0.001 1
382 c72 179 178 1 0.25 0.001 1
383 c73 176 177 1 0.25 0.001 1
384 c74 126 127 1 0.25 0.001 1
385 c75 25 27 1 0.25 0.001 1
386 c76 66 65 1 0.25 0.001 1
387 c77 62 64 1 0.25 0.001 1
388 c78 19 17 1 0.25 0.001 1
389 c79 331 332 1 0.25 0.001 1
390 c80 336 334 1 0.25 0.001 1
391 c81 5 6 1 0.25 0.001 1
392 c82 4 3 1 0.25 0.001 1
393 c83 351 352 1 0.25 0.001 1
394 c84 47 46 1 0.25 0.001 1
395 c85 44 45 1 0.25 0.001 1
396 c86 185 184 1 0.25 0.001 1
397 c87 133 132 1 0.25 0.001 1
398 c88 35 34 1 0.25 0.001 1
399 c89 130 131 1 0.25 0.001 1
400 c90 171 173 1 0.25 0.001 1
401 c91 342 343 1 0.25 0.001 1
402 c92 155 157 1 0.25 0.001 1
403 c93 43 42 1 0.25 0.001 1
404 c94 321 319 1 0.25 0.001 1
405 c95 360 359 1 0.25 0.001 1
406 c96 142 141 1 0.25 0.001 1
407 c97 56 58 1 0.25 0.001 1
408 c98 139 140 1 0.25 0.001 1
1 c1 89 311 1 1.5 100000000 -2000 2000
2 c2 77 312 1 1.5 100000000 -2000 2000
3 c3 341 313 1 1.5 100000000 -2000 2000
4 c4 68 314 1 1.5 100000000 -2000 2000
5 c5 107 315 1 1.5 100000000 -2000 2000
6 c6 357 316 1 1.5 100000000 -2000 2000
7 c7 313 317 1 1.5 100000000 -2000 2000
8 c8 48 318 1 1.5 100000000 -2000 2000
9 c9 95 319 1 1.5 100000000 -2000 2000
10 c10 197 320 1 1.5 100000000 -2000 2000
11 c11 78 321 1 1.5 100000000 -2000 2000
12 c12 329 322 1 1.5 100000000 -2000 2000
13 c13 1 323 1 1.5 100000000 -2000 2000
14 c14 147 324 1 1.5 100000000 -2000 2000
15 c15 73 325 1 1.5 100000000 -2000 2000
16 c16 350 326 1 1.5 100000000 -2000 2000
17 c17 166 327 1 1.5 100000000 -2000 2000
18 c18 60 328 1 1.5 100000000 -2000 2000
19 c19 15 329 1 1.5 100000000 -2000 2000
20 c20 8 330 1 1.5 100000000 -2000 2000
21 c21 160 331 1 1.5 100000000 -2000 2000
22 c22 154 332 1 1.5 100000000 -2000 2000
23 c23 346 333 1 1.5 100000000 -2000 2000
24 c24 112 334 1 1.5 100000000 -2000 2000
25 c25 134 335 1 1.5 100000000 -2000 2000
26 c26 81 336 1 1.5 100000000 -2000 2000
27 c27 36 337 1 1.5 100000000 -2000 2000
28 c28 39 338 1 1.5 100000000 -2000 2000
29 c29 180 339 1 1.5 100000000 -2000 2000
30 c30 109 340 1 1.5 100000000 -2000 2000
31 c31 186 341 1 1.5 100000000 -2000 2000
32 c32 30 342 1 1.5 100000000 -2000 2000
33 c33 175 343 1 1.5 100000000 -2000 2000
34 c34 146 344 1 1.5 100000000 -2000 2000
35 c35 24 345 1 1.5 100000000 -2000 2000
36 c36 98 346 1 1.5 100000000 -2000 2000
37 c37 122 347 1 1.5 100000000 -2000 2000
38 c38 20 348 1 1.5 100000000 -2000 2000
39 c39 13 349 1 1.5 100000000 -2000 2000
40 c40 116 350 1 1.5 100000000 -2000 2000
41 c41 9 351 1 1.5 100000000 -2000 2000
42 c42 192 352 1 1.5 100000000 -2000 2000
43 c43 322 353 1 1.5 100000000 -2000 2000
44 c44 151 354 1 1.5 100000000 -2000 2000
45 c45 104 355 1 1.5 100000000 -2000 2000
46 c46 103 356 1 1.5 100000000 -2000 2000
47 c47 32 357 1 1.5 100000000 -2000 2000
48 c48 86 358 1 1.5 100000000 -2000 2000
49 c49 345 359 1 1.5 100000000 -2000 2000
50 c50 82 360 1 1.5 100000000 -2000 2000
51 c51 337 361 1 1.5 100000000 -2000 2000
52 c52 74 362 1 1.5 100000000 -2000 2000
53 c53 129 363 1 1.5 100000000 -2000 2000
54 c54 161 364 1 1.5 100000000 -2000 2000
55 c55 117 365 1 1.5 100000000 -2000 2000
56 c56 169 366 1 1.5 100000000 -2000 2000
57 c57 125 367 1 1.5 100000000 -2000 2000
58 c58 165 368 1 1.5 100000000 -2000 2000
59 c59 121 369 1 1.5 100000000 -2000 2000
60 c60 113 370 1 1.5 100000000 -2000 2000
61 c61 150 371 1 1.5 100000000 -2000 2000
62 c62 99 372 1 1.5 100000000 -2000 2000
63 c63 143 373 1 1.5 100000000 -2000 2000
64 c64 355 374 1 1.5 100000000 -2000 2000
65 c65 55 375 1 1.5 100000000 -2000 2000
66 c66 52 376 1 1.5 100000000 -2000 2000
67 c67 94 377 1 1.5 100000000 -2000 2000
68 c68 51 378 1 1.5 100000000 -2000 2000
69 c69 40 379 1 1.5 100000000 -2000 2000
70 c70 193 380 1 1.5 100000000 -2000 2000
71 c71 138 381 1 1.5 100000000 -2000 2000
72 c72 179 382 1 1.5 100000000 -2000 2000
73 c73 176 383 1 1.5 100000000 -2000 2000
74 c74 126 384 1 1.5 100000000 -2000 2000
75 c75 25 385 1 1.5 100000000 -2000 2000
76 c76 66 386 1 1.5 100000000 -2000 2000
77 c77 62 387 1 1.5 100000000 -2000 2000
78 c78 19 388 1 1.5 100000000 -2000 2000
79 c79 331 389 1 1.5 100000000 -2000 2000
80 c80 336 390 1 1.5 100000000 -2000 2000
81 c81 5 391 1 1.5 100000000 -2000 2000
82 c82 4 392 1 1.5 100000000 -2000 2000
83 c83 351 393 1 1.5 100000000 -2000 2000
84 c84 47 394 1 1.5 100000000 -2000 2000
85 c85 44 395 1 1.5 100000000 -2000 2000
86 c86 185 396 1 1.5 100000000 -2000 2000
87 c87 133 397 1 1.5 100000000 -2000 2000
88 c88 35 398 1 1.5 100000000 -2000 2000
89 c89 130 399 1 1.5 100000000 -2000 2000
90 c90 171 400 1 1.5 100000000 -2000 2000
91 c91 342 401 1 1.5 100000000 -2000 2000
92 c92 155 402 1 1.5 100000000 -2000 2000
93 c93 43 403 1 1.5 100000000 -2000 2000
94 c94 321 404 1 1.5 100000000 -2000 2000
95 c95 360 405 1 1.5 100000000 -2000 2000
96 c96 142 406 1 1.5 100000000 -2000 2000
97 c97 56 407 1 1.5 100000000 -2000 2000
98 c98 139 408 1 1.5 100000000 -2000 2000
1 s77933 89
2 s77936 94
3 s78005 143
4 s78041 171
5 s77927 82
6 s77846 19
7 s78011 147
8 s77825 2
9 s77933 89
10 s77915 74
11 s77813 351
12 s77900 60
13 s77789 331
14 s78002 142
15 s77792 336
16 s77849 20
17 s77816 355
18 s77981 126
19 s77972 121
20 s77846 19
21 s77915 74
22 s78047 176
23 s77846 19
24 s77972 121
25 s78068 197
26 s77933 89
27 s77846 19
28 s77936 94
29 s77933 89
30 s77834 8
31 s77975 122
32 s77816 355
33 s77969 117
34 s77879 44
35 s77900 60
36 s78050 179
37 s77927 82
38 d100000141663 231
39 d100000141660 233
40 d100000141660 233
41 d100000141655 243
42 d100000139723 279
43 d100000139712 292
44 d100000150147 189
45 d100000150135 21
46 d100000141656 238
47 d100000150135 21
48 d100000141724 349
49 d100000141282 268
50 d100000141676 201
51 d100000139609 240
52 d100000139589 224
53 d77786 329
54 d100000139251 275
55 d100000139609 240
56 d100000000067 28
57 d100000141787 296
58 d100000141787 296
59 d100000139606 242
60 d77861 32
61 d100000139717 288
62 d100000139608 239
63 d100000139630 200
64 d100000139612 232
65 d100000139611 236
66 d77831 5
67 d100000139610 235
68 d77921 78
69 d77921 78
70 d77855 25
71 d100000139597 217
72 d77828 4
73 d78042 173
74 d100000139587 227
75 d78015 149
76 d77912 73
77 d78008 146
78 d100000139723 279
79 d100000139589 224
80 d100000139639 209
81 d77921 78
82 d77924 81
83 d100000139723 279
84 d77912 73
85 d100000141478 156
86 d100000139700 327
87 d100000139220 300
88 d100000139700 327
89 d77960 112
90 d100000141663 231
91 d100000139634 210
92 d100000139712 292
93 d100000141724 349
94 d77963 113
95 d100000150018 88
96 d100000139712 292
97 d78053 180
98 d100000139251 275
99 d77804 345
100 d100000139578 259
101 d100000150175 194
102 d100000139594 218
103 d100000139594 218
104 d100000139251 275
105 d100000139611 236
106 d100000139611 236
107 d100000016683 256
108 d100000150073 71
109 d77816 355
110 d100000139630 200
111 d100000139639 209
112 d100000139609 240
113 d100000139602 246
114 d100000139634 210
115 d100000141663 231
116 d100000150147 189
117 d100000141789 294
118 d77960 112
119 d100000141788 293
120 d100000139587 227
121 d100000141707 338
122 d100000139587 227
123 d100000139611 236
124 d100000139582 257
125 d100000139609 240
126 d77993 134
127 d100000141663 231
128 d100000139610 235
129 d100000139634 210
130 d100000139607 244
131 d100000139269 85
132 d100000139717 288
133 d100000141661 234
134 d100000139591 222
135 d77975 122
136 d77984 129
137 d100000150135 21
138 d100000139594 218
139 d100000139582 257
140 d100000139578 259
141 d100000150135 21
142 d77870 39
143 d100000139630 200
144 d100000139592 219
145 d100000139590 221
146 d77831 5
147 d100000150175 194
148 d100000139681 312
149 d100000139251 275
150 d100000139594 218
151 d77960 112
152 d100000139600 247
153 d77876 43
154 d100000141786 295
155 d100000139597 217
156 d77870 39
157 d100000139608 239
158 d100000139584 228
159 d100000150135 21
160 d100000139700 327
161 d100000139585 229
162 d100000139712 292
163 d100000150175 194
164 d100000139608 239
165 d100000139594 218
166 d77837 9
167 d100000139251 275
168 d100000150175 194
169 d100000139712 292
170 d100000139578 259
171 d100000139700 327
172 d100000139609 240
173 d100000140201 306
174 d100000139609 240
175 d100000139594 218
176 d77828 4
177 d100000139242 266
178 d100000139609 240
179 d77828 4
180 d77828 4
181 d100000139634 210
182 d100000139639 209
183 d77804 345
184 d100000139297 63
185 d100000150143 12
186 d100000150072 69
187 d100000141785 298
188 d100000139611 236
189 d78039 168
190 d77987 130
191 d100000140201 306
192 d100000139723 279
193 d100000139606 242
194 d77963 113
195 d100000139578 259
196 d100000139634 210
197 d100000141661 234
198 d100000150072 69
199 d100000139609 240
200 d100000139586 225
201 d100000141787 296
202 d100000150143 12
203 d100000141676 201
204 d100000139608 239
205 d100000141676 201
206 d100000139586 225
207 d100000139220 300
208 d100000139598 215
209 d100000149636 187
210 d100000139608 239
211 d100000139611 236
212 d100000139700 327
213 d77870 39
214 d100000139609 240
215 d100000139586 225
216 d100000141282 268
217 d100000139609 240
218 d100000139609 240
219 d100000141789 294
220 d78053 180
221 d100000139700 327
222 d100000141789 294
223 d100000141734 308
224 d100000139591 222
225 d100000139594 218
226 d100000139612 232
227 d100000141787 296
228 d100000139608 239
229 d77804 345
230 d100000139592 219
231 d100000139611 236
232 d77870 39
233 d100000139606 242
234 d100000150175 194
235 d100000139579 260
236 d100000139608 239
237 d100000141676 201
238 d100000141282 268
239 d100000141788 293
240 d100000139717 288
241 d100000139584 228
242 d100000139594 218
243 d100000139594 218
244 d100000139597 217
245 d100000139589 224
246 d100000139609 240
247 d100000141787 296
248 d100000141787 296
249 d100000141787 296
250 d100000139630 200
251 d100000141663 231
252 d100000139600 247
253 d100000141749 328
254 d100000139700 327
255 d100000139700 327
256 d100000141478 156
257 d100000139609 240
258 d100000139717 288
259 d100000139594 218
260 d100000139573 263
261 d100000139717 288
262 d100000141282 268
263 d100000141787 296
264 d100000139630 200
265 d100000139580 258
266 d100000139578 259
267 d100000141783 299
268 d77939 95
